15063677983
13287679277
15154468204
13666363211
13287661657
13335258865
13070788686
18106368091
17753645190
18830262975
18331004200
15194768088
15081243145
18510437986
18532691092
15931762720
18730205207
18617776776
18031289436
18252587658
13775353237
15006105311
15896387955
15162970981
15005288997
19905280203
13812467498
17368760239
13775359011
18852763889
13585235749
17712354480
18952724559
18662363990
18136242866
15371333516
18952566569
15977332111
15977329841
13397732687
15977332111
13457375005
18078415080
18677326411
17377381055
17307830669
15007730122
13223186506
17717772849
18634021420
15102597396
18631515610
13832805606
15324321206
15532568039
13931490268
13876447150
18876701029
17763968058
18889295907
18876701029
18389330938
13697561781
13518099527
15557213000
18267238342
18806820873
18267238342
18267238342
17317527327
13362205727
17757222466
13331104040
13343366833
18531693863
18232456401
15933643234
17716538317
15128943399
18238815730
15824944515
18838253679
18637991215
15537989233
15537989233
15637981667 、、、、、、、、、、、、标记   图片没存上到时候单独找
18838253679
15306314601
15166315377
15763156766
18763180822
15662333826
15763156766
18763180822
15066309908
15266113785
18260326997
13236136634
13851090081
15050668908
18551500809
15895183672
15105110516
15205117162
15358215290
18753941323
15725297360
18753941323
18669900736
18753941323
18753941323
18753941323
15094713318
13217505180
15899719927
13725966611
18922033928
13676181234
17707504488
18476615356
18476615356
13422772623
13682988839
18929673919
13417008961
13829543908
13417008961
13288024335
18929676637
18029521147
18929676637
17798897585
18994607221
18994742201
13382562632
15152995960
18994742201
13961040366
15850851936
13952600411
13559694094
17505962017
13174608515
15960662719
15880263660
15959606432
18650110450
15859621323
13023945356
15613013284
17713026664
13230003435
17713026664
18931613928
15613013284
13283437480
18830031934
18330099040
15263708588
15269717850
18755339810
18356981988
15555390990
13195335527
17730407873
13696564291
15385538059
18110254826
18255349343
15385869946
13287892880
17853393076
13176223399
13573351921
15762813118
18295675600
18295675600
18695195513
18509515650
18295479775
13895104321
18695185640
18209513187
18295675600
18295675600
13633035715
18777216903
17677539991
15307821252
18376288471
17754560160
15677208008
15676275965
18172361198
13633035715
18681613238
13541738325
13778119798
13778119798
15228351247
18281450045
13541738325
13778119798
13778119798
18281450045
15360736325
13702870760
13822292990
13413677096
15113581914
15768123497
15113581914
13414873227
15767622191
15241284128
13019644042
13332114733
13042603276
15042243500
13998088635
13029391768
13478013811
13644223676
15779027377
15770704570
15297776842
18370883117
15970147372
15770704570
18907074909
13924013951
15779027377
15779027377
18846296079
13059089716
18846295673
13059080812
18945997096
15145970805
13804672621
13059062857
18846296287
13545832150
15872592777
13886712943
15871642001
18972521123
13872686623
18986776567
15571747705
18727212190
18995895200
15024776223
18648601993
13664847675
13204723878
13084724512
13804722175
13804722175
18947731164
13084724512
15247200082
13369128423
18740705870
15129537961
15769297958
18149103008
17395677893
15667231831
15691010419
18146823179、、、、、、、、、、标记 无法保存到的图片 单独找
15691010419
18503386091
13167327778
13273371899
18833555528
13315377309
13730350605
13833512265
13463377334
18103357261
18570050976
18973328627
18573306836
15616379990
18390298832
18390279810
15173329502
18873398202
18173306266
18573306413
18659129212
15759298956
13030828208
13030828208
18659129212
13030828208
18659129212
18359033531
15080323328
13615981661
17614323681
18943550603
15643968529
15943222665
13596247774
15543214446
18844246696
13689870027
18943876229
18343210022
17551720540
18014166789
15161716249
18014166789
15061286800
18205237775
15161716249
18014166789
15161716249
15061286800
13556508823
18818511191、、、、、、、、、、、、、单独寻找照片 没存上
13556508823
13104967015
13104967015
17777305807
18211418037
13360263239
15813943686
17305931229
18659360227
18060311611
13774772919
13774772919
15860663201
15280670172
17359333398
17706036305
15160564609
15386057427
15886427651
15773403592
18907472246
19976752668
15377474400
16607343096
13873451606
13467776711
15386040616
13004950598
13799106632
13338549560
15159965002
15159950986
13859495785
15105028533
18605990282
18159902002
13960601590
18896633707
13815657155
15371690501
18036662327
18136577829
17305188697
15061320501
15061320501
18262785646
14740502801
14740502801
14740502801
18787665386
15912219957
15308887361
17685030959
18213281131
18887890661
18187240898
13688770622
16608885606
13150661619
18022580920
18318326681
15813578884
15521932403
13927072975
18925626658
15915642263
13925675657
15819626555
13413966667
15584653477
13514432727
15843352339
15704337679
15204337107
13843388842
18744339569
13675807589
15924030195
15257191547
13454059827
15168057097
13567697854
13857211352
13587077220
15720974311
17346698327
18397926073
15170294458
18979281003
15070265902
13330001880
15949508588
18079270377
13607925916
15880398288
18250104911
15880621628
18159758385
15160554580
13950860094
13860264984
18359300955
15160554580
15160554580
15031732556
13931760928
18833787021
13931760928
18833787021
18802279842
17736993805
13363171661
15832786977
15030473677
13942333857
13394136667
13841323217
13841323217
18741350277
13942333857
13942394353
15004136636
18642332931
18772103874
15072289682
15072289682
15926896229
13886223410
15391607589
15871079817
15997175201
13995770122
15271067188
18979337578
18079358197
18827759805
15297935068
15879325663
18770399550
18797815811
13780190078
13755353335
15079337299
18841720484
18941706669
13050676660
18241710827
18341775057
18524659764
15140718778
18259853567
18650977209
15280700777
13115981587
15159160150
15345051675
13950932510
15359948667
15280700777
13205983285
15056396993
18651693140
18110209217
15255268277
19955227681
19955246881、、、、、、、、、、、、、、无法存储的图片单独找
13721177010
18655290196
15755264488
15205526502
15857880300
13857095640
18905886555
18357893323
18705781861
15857880300
18905788585
15925776881
15990466302
13786026040
18207309329
15873053808
17373026669
17773074525
18273011155
15115020515
15115020515
15115020515
15816209809
13622934356
13417223629
18826604386
18033310726
13413451963
13427688250
13680009808
13728002338
18520115909
13356829055
18888272326
18888278322
18206388490
15165389527
13406228017
15165389527
18957030116
13326101106
15905706422
18957030116
13957012659
13675717974
13675717974
13957012659
13626700176
18957010911
13030762972
13309878327
13309878327
13309878327
13309872350
13309872350
18704279020
15942718165
13028226269
13309878327
15263888950
18506464466、、、、、、、、暂时没找到  后期单独找
18766722775
18953067712
18506464466
13306476902、、、、、、、、无法存的图片  单独找
15837745786
15838726023
13409283788
17698887601、、、、、、、、无法存取的图片 单独找
18338338983
18567185571
13613999339
13409283788
13359052838
13335554412
15955558104
13095555969
13955555658
15395609723
18655511271
18298221012
18325550858
18155566351
13990890335
13990892990
18188432882
15984865149
18780762825
18784777581
15387617007
13219158911
18161460433
17697179974
13327685054
18597116691
13007790306
18697231499
15111752128
17697262121
15597687120
13519740922
15500643039
13477700922
13477700922
15972327090
15897716987
15507293008
13995880097
13886055250
18872128565
15164616373
15164616373
15164616373
15164616373
15164616373
15164616373
15164616373
15164616373
15164616373
15946218501
