18936265769
13382722859
13011517692
18389445195
18208963239
13381167891
18531829514
18538810918
15684502581
18101418906
17854276949
18677577124
15651170597
15260003982
13730089192
18866638530
18866638530
18866638530
18866638530
13573316655
15219248004
13065413109
13029901268
18133526252
17707580232
18961370965
16642509113
16642509113
16642509113
16642509113
16642509113
16642509113
16642509113
13704436871
15944348499
18643328678
18058098386
18505809688
13470548179
15041752182
15041752182
15041752182
13216878269
18692190071
19853855606
17553849292
18769823386
18562095509
63989541111
15552737255
13280337378
19939329295
15737775173
18582289977
18986454623
15327078702
